$ 1 0.000003126 1.700203994009402 1 5 43 5e-11
w -160 240 -112 240 0
r -112 240 -112 304 0 10000
c -112 240 -32 240 4 0.00009999999999999999 0.005550272193989704 0 0
r -32 240 -32 304 0 1000
t -32 240 0 240 0 1 -11.39304152883637 0.5980597788722256 200 default
w 0 224 0 128 0
r 0 128 0 80 0 560
w 0 256 16 256 0
w 16 256 32 256 0
w 16 256 16 304 0
r 16 304 16 368 0 5600
w 16 368 16 432 0
t 64 240 32 240 0 1 -12.009133223776967 0.5935097148753075 200 default
w 32 224 32 48 0
w 32 48 0 48 0
w 0 48 0 80 0
w 0 128 80 128 0
s 96 112 128 112 0 0 false
w 80 128 96 128 0
w 96 128 96 112 0
w 80 128 80 160 0
r 96 160 128 160 0 1000
w 128 160 208 160 0
w 208 160 208 128 0
w 208 128 128 128 0
w 128 128 128 112 0
c 272 160 208 160 4 1e-10 -11.168221725315332 0 0
w 80 160 96 160 0
w 272 160 288 160 0
w 288 160 288 208 0
s 256 208 256 240 0 0 false
w 64 240 80 240 0
r 80 240 80 288 0 1000
s 112 256 112 272 0 1 false
w 80 240 112 240 0
w 112 240 112 256 0
w 112 272 112 320 0
w 80 288 80 304 0
w 80 304 128 304 0
w 112 320 128 320 0
w 112 320 80 320 0
c 80 320 80 336 4 0.00009999999999999999 -0.01008056734576238 0 0
s 128 304 128 320 0 0 false
r 112 240 176 240 0 39000
c 176 240 176 304 4 0.000009999999999999999 4.980351836558669 0 0
w 176 304 224 304 0
r 224 304 224 256 0 2700
r 224 304 224 352 0 3900
w 16 432 224 432 0
w 224 432 224 352 0
w 288 208 256 208 0
w 256 240 224 240 0
w 224 240 224 256 0
d 320 240 320 272 2 default
d 320 208 320 240 2 default
d 320 176 320 208 2 default
w 288 160 320 160 0
w 320 160 320 176 0
w 208 128 288 128 0
w 320 272 256 272 0
w 256 272 256 240 0
t 288 128 320 128 0 -1 11.168221725315332 -0.6115416309436785 200 default
w 320 144 320 160 0
w 320 112 320 48 0
w 32 48 320 48 0
w 320 160 416 160 0
w 448 176 448 272 0
w 176 240 272 256 0
w 272 256 448 272 0
w 448 272 448 336 0
w 256 272 256 352 0
w 256 352 416 352 0
w 448 368 448 432 0
w 224 432 448 432 0
w 448 144 448 48 0
w 320 48 448 48 0
w 448 272 512 272 0
r 512 272 512 320 0 10
c 512 320 512 352 4 1e-8 0.19240424910844686 0 0
w 512 272 576 272 0
g 80 336 80 352 0 0
g -32 304 -32 320 0 0
g -112 304 -112 320 0 0
w 448 48 480 48 0
c 480 48 480 96 4 0.00009999999999999999 11.999612043615333 0 0.1
c 528 48 528 96 4 1.0000000000000001e-7 11.999612035863013 0 0.1
s 560 16 608 16 0 1 false
w 480 48 528 48 0
w 528 48 544 48 0
w 544 48 544 16 0
w 544 16 560 16 0
r 544 48 608 48 0 0.1
w 608 48 608 16 0
w 608 48 656 48 0
w 656 64 624 64 0
w 624 64 608 64 0
w 608 64 608 96 0
w -160 256 -144 256 0
w -144 256 -144 304 0
g 480 96 480 112 0 0
g 528 96 528 112 0 0
g 608 96 608 112 0 0
w 656 80 640 80 0
w 640 80 640 432 0
w 576 304 560 304 0
g -144 304 -144 320 0 0
w 560 304 560 352 0
g 512 352 512 368 0 0
g 560 352 560 368 0 0
g 512 480 512 496 0 0
g 464 480 464 496 0 0
w 592 432 640 432 0
w 592 432 592 400 0
w 528 400 544 400 0
w 528 432 528 400 0
w 512 432 528 432 0
w 464 432 512 432 0
s 544 400 592 400 0 1 false
c 512 432 512 480 4 1.0000000000000001e-7 -11.999611589762356 0 0.1
c 464 432 464 480 4 0.00009999999999999999 -11.999611604659574 0 0.1
w 448 432 464 432 0
r 528 432 592 432 0 0.1
R 656 48 672 48 0 0 40 12 0 0 0.5
R 656 80 672 80 0 0 40 -12 0 0 0.5
400 416 160 448 160 1 0\s1\s-11.77976335625901\s-0.23254043455768747\s100\sdefault 0\s1\s-11.547222921701323\s0.2599809123546129\s100\sdefault 1
400 416 352 448 352 1 0\s-1\s12.219460269348604\s0.2882634357274534\s100\sdefault 0\s-1\s11.93119683362115\s-0.260822957930528\s100\sdefault -1
v -256 288 -256 208 0 1 1000 0.0006 0 0 0.5
w -256 208 -160 240 0
w -256 288 -160 256 0
w 608 256 576 272 0
w 608 320 576 304 0
x 582 390 602 393 4 12 JP6
x 136 320 156 323 4 12 JP2
x 135 272 155 275 4 12 JP3
x 102 99 122 102 4 12 JP1
x 573 4 593 7 4 12 JP5
x 227 225 247 228 4 12 JP4
x 561 99 583 102 4 12 R10
x 608 460 629 463 4 12 R11
x 467 166 483 169 4 12 Q4
x 462 351 478 354 4 12 Q5
x 333 127 349 130 4 12 Q3
x 49 217 65 220 4 12 Q2
x -32 214 -16 217 4 12 Q1
p 544 -64 608 -64 3 1 0 10000000
w 544 -64 544 16 0
w 608 -64 608 16 0
p 528 560 592 560 3 1 0 10000000
w 528 560 528 432 0
w 592 560 592 432 0
p 704 256 704 320 3 4 0 10000000
w 704 256 608 256 0
w 704 320 608 320 0
p 288 -64 352 -64 3 4 0 10000000
w 288 -64 288 128 0
p -96 144 -32 144 3 4 0 10000000
w -128 160 0 224 0
w -96 144 -128 160 0
o 127 16 0 x28301a 5 0.1 0 1 6 0.025 0 Entrada
o 79 8 0 12298 0.19323951289970948 0.0001 1 2 79 3
